        weight_2022  pitax_2022 total_gross_income_2022 weight_ref_2022 pitax_ref_2022 total_gross_income_ref_2022 weight_ref_2023 pitax_ref_2023 total_gross_income_ref_2023 weight_ref_2024 pitax_ref_2024 total_gross_income_ref_2024 weight_ref_2025 pitax_ref_2025 total_gross_income_ref_2025 weight_ref_2026 pitax_ref_2026 total_gross_income_ref_2026 weight_ref_2027 pitax_ref_2027 total_gross_income_ref_2027
 0-10n          -99           0                       0             -99              0                           0             -99              0                           0             -99              0                           0             -99              0                           0             -99              0                           0             -99              0                           0
 0-10z          -99           0                       0             -99              0                           0             -99              0                           0             -99              0                           0             -99              0                           0             -99              0                           0             -99              0                           0
 0-10p       94,744      10,456                  51,131          94,744         10,456                      51,131          94,744         10,821                      55,609          94,744         11,686                      60,065          94,744         12,699                      65,279          94,744         13,775                      70,807          94,744         14,934                      76,767
 10-20       94,755      59,844                 293,364          94,755         59,844                     293,364          94,755         61,997                     319,058          94,755         66,879                     344,627          94,755         72,573                     374,540          94,755         78,718                     406,254          94,755         85,344                     440,450
 20-30       94,744     120,915                 591,455          94,744        120,915                     591,455          94,744        125,228                     643,256          94,744        135,150                     694,807          94,744        146,787                     755,116          94,744        159,216                     819,053          94,744        172,636                     887,996
 30-40       94,755     191,374                 936,488          94,755        191,374                     936,488          94,755        198,199                   1,018,507          94,755        213,972                   1,100,130          94,755        232,402                   1,195,622          94,755        252,103                   1,296,858          94,755        273,386                   1,406,019
 40-50       94,744     245,872               1,195,185          94,744        245,872                   1,195,185          94,744        254,379                   1,299,862          94,744        274,583                   1,404,033          94,744        298,159                   1,525,903          94,744        323,486                   1,655,105          94,744        350,788                   1,794,421
 50-60       94,755     310,374               1,514,228          94,755        310,374                   1,514,228          94,755        321,174                   1,646,847          94,755        346,515                   1,778,825          94,755        376,264                   1,933,227          94,755        408,213                   2,096,919          94,755        442,574                   2,273,424
 60-70       94,750     401,728               1,975,454          94,750        401,728                   1,975,454          94,750        415,887                   2,148,468          94,750        448,892                   2,320,646          94,750        487,552                   2,522,078          94,750        528,966                   2,735,629          94,750        573,735                   2,965,897
 70-80       94,750     544,252               2,712,983          94,750        544,252                   2,712,983          94,750        562,627                   2,950,592          94,750        606,273                   3,187,052          94,750        657,777                   3,463,688          94,750        713,809                   3,756,968          94,750        774,283                   4,073,206
 80-90       94,751     802,659               4,139,782          94,751        802,659                   4,139,782          94,751        827,953                   4,502,353          94,751        891,952                   4,863,172          94,751        966,192                   5,285,295          94,751      1,048,846                   5,732,815          94,751      1,138,286                   6,215,366
 90-100      94,751   2,742,420              25,572,244          94,751      2,742,420                  25,572,244          94,751      2,851,234                  27,811,912          94,751      3,064,775                  30,040,760          94,751      3,313,825                  32,648,295          94,751      3,616,198                  35,412,716          94,751      3,944,055                  38,393,530
 ALL        947,500     542,994               3,898,263         947,500        542,994                   3,898,263         947,500        562,954                   4,239,681         947,500        606,072                   4,579,449         947,500        656,428                   4,976,945         947,500        714,339                   5,398,357         947,500        777,008                   5,852,755
 90-95       47,375   1,229,489               6,828,083          47,375      1,229,489                   6,828,083          47,375      1,257,895                   7,426,099          47,375      1,351,252                   8,021,227          47,375      1,459,874                   8,717,469          47,375      1,588,103                   9,455,601          47,375      1,727,914                  10,251,513
 95-99       37,900   2,005,593              13,676,612          37,900      2,005,593                  13,676,612          37,900      2,025,505                  14,874,437          37,900      2,167,581                  16,066,475          37,900      2,330,341                  17,461,044          37,900      2,556,166                  18,939,518          37,900      2,806,467                  20,533,724
 Top 1%       9,476  13,253,840             166,868,201           9,476     13,253,840                 166,868,201           9,476     14,120,265                 181,482,848           9,476     15,220,537                 196,026,893           9,476     16,516,837                 213,042,013           9,476     17,996,061                 231,080,865           9,476     19,574,301                 250,531,759

