           weight_2022 pitax_2022 total_gross_income_2022 weight_ref_2022 pitax_ref_2022 total_gross_income_ref_2022 weight_ref_2023 pitax_ref_2023 total_gross_income_ref_2023 weight_ref_2024 pitax_ref_2024 total_gross_income_ref_2024 weight_ref_2025 pitax_ref_2025 total_gross_income_ref_2025 weight_ref_2026 pitax_ref_2026 total_gross_income_ref_2026 weight_ref_2027 pitax_ref_2027 total_gross_income_ref_2027
<0                 0.0          0                       0             0.0              0                           0             0.0              0                           0             0.0              0                           0             0.0              0                           0             0.0              0                           0             0.0              0                           0
=0        36615.516309          0                       0    36615.516309              0                           0    36615.516309              0                           0    36615.516309              0                           0    36615.516309              0                           0    36615.516309              0                           0    36615.516309              0                           0
0-0.5 m  169515.011797      8,255                  40,480   169515.011797          8,255                      40,480   157652.040781          7,347                      37,844   147522.888606          6,914                      35,604   137188.415778          6,465                      33,309   129112.470125          6,191                      31,922    120123.98824          5,810                      29,915
0.5-1m   140884.187518     21,092                 103,247   140884.187518         21,092                     103,247   131690.384981         18,756                      96,487   125371.071574         17,928                      92,357   118823.624109         17,096                      88,125   111557.554362         16,267                      83,782   105454.968311         15,485                      79,788
1-1.5m   171933.232812     43,304                 210,789   171933.232812         43,304                     210,789   161496.099658         39,471                     201,948   148811.846033         37,053                     189,863   127766.479183         32,173                     164,902    96808.687512         23,824                     122,582    84603.515409         20,543                     105,760
1.5-2m   102626.105991     36,293                 177,762   102626.105991         36,293                     177,762   107006.279905         36,261                     186,081   107565.208347         36,459                     186,928   114717.211065         38,618                     197,963   131382.404002         44,005                     225,195   128097.273567         43,608                     223,217
2-3m     117095.508605     57,690                 285,878   117095.508605         57,690                     285,878   122382.515403         57,573                     299,199   131005.982799         61,725                     320,446   137114.272206         64,837                     335,464   141819.537156         67,499                     347,800    146439.25183         69,963                     359,750
3-4m      64723.913593     44,057                 223,398    64723.913593         44,057                     223,398    69462.257974         45,326                     239,901    72903.660236         47,888                     252,656    77687.631428         51,050                     268,770    81957.160323         54,069                     283,325    86559.764947         57,417                     299,296
4-5m      37504.098465     32,239                 167,329    37504.098465         32,239                     167,329    41313.937234         33,983                     184,098    45172.824825         37,581                     201,800    49038.556437         40,943                     218,787    53215.691036         44,648                     237,593    56976.480978         48,184                     254,922
5-10m     67056.584338     82,294                 458,742    67056.584338         82,294                     458,742     75165.60943         88,182                     514,257    82424.835155         97,875                     565,144    91753.236787        109,877                     627,900   101383.916045        123,691                     695,540   111401.282532        138,426                     766,899
>10m      39545.898284    189,263               2,025,980    39545.898284        189,263                   2,025,980    44715.416038        206,499                   2,257,282    50106.223829        230,830                   2,494,231    56795.114409        260,907                   2,780,436    63647.120841        296,643                   3,087,205    71228.015589        336,779                   3,425,938
ALL      947500.057712    514,486               3,693,605   947500.057712        514,486                   3,693,605   947500.057712        533,399                   4,017,098   947500.057712        574,253                   4,339,028   947500.057712        621,965                   4,715,656   947500.057712        676,836                   5,114,943   947500.057712        736,215                   5,545,486

